# The Cross section for Drell Yan production of H50 with another scalar(H5m) at 8TeV and corresponding fiducial efficiency (applying the same cuts described in 1407.6583), calculated by MG2.6.3.2 @NLO
# id m5[GeV] CS[fb] ErrorUp(%) ErrorDown(%) Eff

1  65.000000000000000  1524  +2.3  -2.6  0.4299
2  70.000000000000000  1115  +2.2  -2.4  0.4748
3  75.000000000000000  837.1  +2.0  -2.1  0.51236
4  80.000000000000000  647.1  +2.0  -1.8  0.55348
5  85.000000000000000  502.7  +1.9  -1.6  0.58778
6  90.000000000000000  398.8  +1.9  -1.5  0.6134
7  95.000000000000000  320.9  +1.9  -1.4  0.64294
8  100.00000000000000  261.8  +1.8  -1.2  0.66832
9  105.00000000000000  215.3  +1.9  -1.2  0.68606
10  110.00000000000000  179  +1.8  -1.2  0.6899
11  115.00000000000000  150.1  +1.8  -1.2  0.53938
12  120.00000000000000  126.9  +1.7  -1.1  0.54318
13  125.00000000000000  107  +1.8  -1.2  0.54652
14  130.00000000000000  91.35  +1.6  -1.1  0.546
15  135.00000000000000  78.42  +1.7  -1.2  0.54528
16  140.00000000000000  67.88  +1.8  -1.3  0.5518
17  145.00000000000000  58.68  +1.8  -1.4  0.54882
18  150.00000000000000  51.2  +1.9  -1.5  0.55354
19  155.00000000000000  44.54  +1.9  -1.5  0.55006
20  160.00000000000000  39.13  +1.9  -1.5  0.55706
21  165.00000000000000  34.24  +1.9  -1.5  0.5579
22  170.00000000000000  30.23  +2.0  -1.6  0.55738
23  175.00000000000000  26.73  +1.9  -1.6  0.55792
24  180.00000000000000  23.65  +2.0  -1.7  0.55986
25  185.00000000000000  21.08  +2.0  -1.7  0.5654
26  190.00000000000000  18.87  +2.0  -1.8  0.56136
27  195.00000000000000  16.78  +2.0  -1.8  0.56248
28  200.00000000000000  15.05  +2.1  -1.9  0.5653
29  205.00000000000000  13.5  +2.0  -1.8  0.56884
30  210.00000000000000  12.19  +2.1  -1.9  0.5656
31  215.00000000000000  10.91  +2.0  -1.9  0.56726
32  220.00000000000000  9.878  +2.0  -1.9  0.56414
33  225.00000000000000  8.941  +2.1  -2.0  0.5668
34  230.00000000000000  8.139  +2.2  -2.1  0.56768
35  235.00000000000000  7.351  +2.1  -2.1  0.56802
36  240.00000000000000  6.676  +2.1  -2.1  0.5635
37  245.00000000000000  6.056  +2.1  -2.2  0.5677
38  250.00000000000000  5.536  +2.2  -2.2  0.56714
39  255.00000000000000  5.023  +2.3  -2.3  0.56746
40  260.00000000000000  4.591  +2.3  -2.3  0.56588
41  265.00000000000000  4.23  +2.1  -2.2  0.57144
42  270.00000000000000  3.863  +2.3  -2.3  0.57276
43  275.00000000000000  3.535  +2.3  -2.4  0.5701
44  280.00000000000000  3.248  +2.3  -2.4  0.57126
45  285.00000000000000  3.002  +2.4  -2.5  0.57072
46  290.00000000000000  2.746  +2.3  -2.5  0.5711
47  295.00000000000000  2.518  +2.3  -2.4  0.56956
48  300.00000000000000  2.316  +2.4  -2.5  0.57166
49  305.00000000000000  2.139  +2.3  -2.5  0.5708
50  310.00000000000000  1.973  +2.4  -2.6  0.57004
51  315.00000000000000  1.833  +2.4  -2.6  0.567
52  320.00000000000000  1.695  +2.5  -2.7  0.56792
53  325.00000000000000  1.564  +2.4  -2.6  0.5716
54  330.00000000000000  1.446  +2.5  -2.7  0.56856
55  335.00000000000000  1.343  +2.5  -2.7  0.56992
56  340.00000000000000  1.246  +2.5  -2.7  0.56708
57  345.00000000000000  1.156  +2.5  -2.8  0.56622
58  350.00000000000000  1.085  +2.5  -2.8  0.57072
59  355.00000000000000  0.9957  +2.5  -2.8  0.56888
60  360.00000000000000  0.9264  +2.5  -2.8  0.57086
61  365.00000000000000  0.8687  +2.6  -2.9  0.56846
62  370.00000000000000  0.8047  +2.6  -2.9  0.5687
63  375.00000000000000  0.7469  +2.6  -3.0  0.569
64  380.00000000000000  0.6983  +2.5  -2.9  0.56428
65  385.00000000000000  0.652  +2.6  -2.9  0.56592
66  390.00000000000000  0.6099  +2.5  -2.9  0.56956
67  395.00000000000000  0.5686  +2.6  -3.0  0.57102
68  400.00000000000000  0.5299  +2.7  -3.1  0.56764
69  405.00000000000000  0.4939  +2.6  -3.0  0.56958
70  410.00000000000000  0.4631  +2.8  -3.2  0.5678
71  415.00000000000000  0.4317  +2.6  -3.1  0.56714
72  420.00000000000000  0.4068  +2.6  -3.0  0.57016
73  425.00000000000000  0.3814  +2.7  -3.2  0.56744
74  430.00000000000000  0.3566  +2.8  -3.2  0.56836
75  435.00000000000000  0.3331  +2.6  -3.1  0.56658
76  440.00000000000000  0.3133  +2.8  -3.2  0.5667
77  445.00000000000000  0.2943  +2.8  -3.3  0.56226
78  450.00000000000000  0.2766  +2.8  -3.3  0.56542
79  455.00000000000000  0.2602  +2.7  -3.2  0.5628
80  460.00000000000000  0.2411  +2.8  -3.3  0.56212
81  465.00000000000000  0.2281  +2.8  -3.3  0.56554
82  470.00000000000000  0.2147  +2.8  -3.3  0.56462
83  475.00000000000000  0.2022  +2.8  -3.3  0.56684
84  480.00000000000000  0.1899  +2.9  -3.4  0.56634
85  485.00000000000000  0.1783  +2.9  -3.4  0.56398
86  490.00000000000000  0.1681  +3.0  -3.5  0.56504
87  495.00000000000000  0.1587  +2.9  -3.4  0.56726
88  500.00000000000000  0.149  +3.0  -3.5  0.56222
89  505.00000000000000  0.141  +2.9  -3.5  0.56166
90  510.00000000000000  0.1323  +2.9  -3.5  0.56324
91  515.00000000000000  0.1246  +3.0  -3.6  0.56234
92  520.00000000000000  0.1175  +3.1  -3.6  0.55694
93  525.00000000000000  0.1118  +3.1  -3.7  0.56288
94  530.00000000000000  0.105  +3.0  -3.6  0.56106
95  535.00000000000000  0.09971  +3.1  -3.7  0.56198
96  540.00000000000000  0.09362  +3.1  -3.7  0.56256
97  545.00000000000000  0.08875  +3.1  -3.7  0.5602
98  550.00000000000000  0.0834  +3.0  -3.6  0.56444
99  555.00000000000000  0.0792  +3.0  -3.7  0.55986
100  560.00000000000000  0.07474  +3.1  -3.8  0.56086
101  565.00000000000000  0.07064  +3.3  -3.9  0.5609
102  570.00000000000000  0.06676  +3.2  -3.8  0.55828
103  575.00000000000000  0.06292  +3.2  -3.8  0.56222
104  580.00000000000000  0.05974  +3.2  -3.8  0.56152
105  585.00000000000000  0.05656  +3.1  -3.8  0.56566
106  590.00000000000000  0.05365  +3.3  -4.0  0.5614
107  595.00000000000000  0.05061  +3.2  -3.9  0.55798
108  600.00000000000000  0.04798  +3.3  -4.0  0.55856
109  605.00000000000000  0.04555  +3.2  -3.9  0.55812
