# The Cross section for Drell Yan production of H50 with another scalar(H5p) at 13TeV and corresponding fiducial efficiency (applying the same cuts described in 1707.04147), calculated by MG2.6.3.2 @NLO
# id m5[GeV] CS[fb] ScaleUp(%) ScaleDown(%) PDFUp(%) PDFDown(%) Eff

1  200.00000000000000  75.97  +1.4  -1.1  +2.3  -2.3  0.52948
2  225.00000000000000  48.44  +1.5  -1.3  +2.4  -2.4  0.54102
3  250.00000000000000  32.66  +1.7  -1.5  +2.5  -2.5  0.5466
4  275.00000000000000  22.61  +1.6  -1.5  +2.7  -2.7  0.54924
5  300.00000000000000  15.98  +1.7  -1.6  +2.9  -2.9  0.55338
6  325.00000000000000  11.6  +1.7  -1.6  +3.0  -3.0  0.5617
7  350.00000000000000  8.558  +1.9  -1.8  +3.3  -3.3  0.56354
8  375.00000000000000  6.415  +1.9  -1.9  +3.2  -3.2  0.56558
9  400.00000000000000  4.888  +2.0  -2.0  +3.4  -3.4  0.56566
10  425.00000000000000  3.744  +2.1  -2.1  +3.6  -3.6  0.56932
11  450.00000000000000  2.923  +1.9  -2.0  +3.7  -3.7  0.56854
12  475.00000000000000  2.281  +2.1  -2.2  +3.9  -3.9  0.56936
13  500.00000000000000  1.807  +2.1  -2.3  +4.1  -4.1  0.567
14  525.00000000000000  1.443  +2.1  -2.3  +4.4  -4.4  0.56656
15  550.00000000000000  1.155  +2.2  -2.4  +4.3  -4.3  0.57132
16  575.00000000000000  0.9321  +2.2  -2.5  +4.6  -4.6  0.56708
17  600.00000000000000  0.7515  +2.2  -2.5  +4.8  -4.8  0.56622
18  625.00000000000000  0.6134  +2.2  -2.6  +5.0  -5.0  0.5666
19  650.00000000000000  0.5019  +2.2  -2.6  +5.1  -5.1  0.56632
20  675.00000000000000  0.4124  +2.2  -2.6  +5.4  -5.4  0.56502
21  700.00000000000000  0.34  +2.4  -2.8  +5.5  -5.5  0.56718
22  725.00000000000000  0.281  +2.4  -2.8  +5.9  -5.9  0.56664
23  750.00000000000000  0.2348  +2.5  -2.9  +6.0  -6.0  0.56278
24  775.00000000000000  0.1943  +2.5  -3.0  +6.4  -6.4  0.5649
25  800.00000000000000  0.1632  +2.5  -3.0  +7.2  -7.2  0.5647
26  825.00000000000000  0.1363  +2.6  -3.1  +6.8  -6.8  0.56082
27  850.00000000000000  0.1141  +2.6  -3.1  +7.3  -7.3  0.56146
28  875.00000000000000  0.09608  +2.7  -3.2  +7.9  -7.9  0.56018
29  900.00000000000000  0.08066  +2.6  -3.2  +8.4  -8.4  0.55914
30  925.00000000000000  0.06819  +2.7  -3.3  +8.7  -8.7  0.5617
31  950.00000000000000  0.05787  +2.7  -3.3  +9.6  -9.6  0.56258
32  975.00000000000000  0.04862  +2.7  -3.3  +9.7  -9.7  0.5585
33  1000.0000000000000  0.04134  +2.8  -3.5  +9.9  -9.9  0.55752
34  1025.0000000000000  0.03506  +2.9  -3.5  +11.2  -11.2  0.5566
35  1050.0000000000000  0.02984  +3.0  -3.6  +10.9  -10.9  0.55716
36  1075.0000000000000  0.0255  +3.0  -3.7  +12.1  -12.1  0.55688
37  1100.0000000000000  0.02166  +3.0  -3.7  +13.1  -13.1  0.55488
38  1125.0000000000000  0.01857  +3.0  -3.8  +13.4  -13.4  0.55244
39  1150.0000000000000  0.01569  +3.2  -3.9  +13.9  -13.9  0.55864
40  1175.0000000000000  0.01351  +3.2  -3.9  +14.3  -14.3  0.55676
41  1200.0000000000000  0.01155  +3.2  -4.0  +15.0  -15.0  0.55114
42  1225.0000000000000  0.009849  +3.3  -4.0  +16.8  -16.8  0.55668
43  1250.0000000000000  0.008358  +3.2  -4.0  +18.7  -18.7  0.55224
44  1275.0000000000000  0.007217  +3.3  -4.1  +19.6  -19.6  0.55288
45  1300.0000000000000  0.006192  +3.4  -4.2  +20.4  -20.4  0.55716
46  1325.0000000000000  0.005307  +3.6  -4.4  +22.0  -22.0  0.55122
47  1350.0000000000000  0.004537  +3.5  -4.3  +23.8  -23.8  0.5545
48  1375.0000000000000  0.003872  +3.5  -4.3  +25.0  -25.0  0.55234
49  1400.0000000000000  0.003345  +3.6  -4.5  +26.9  -26.9  0.5552
50  1425.0000000000000  0.002877  +3.7  -4.6  +29.4  -29.4  0.55184
51  1450.0000000000000  0.002474  +3.6  -4.6  +30.2  -30.2  0.55404
52  1475.0000000000000  0.002114  +3.8  -4.7  +34.5  -34.5  0.55548
53  1500.0000000000000  0.001813  +3.9  -4.8  +36.6  -36.6  0.55588
54  1525.0000000000000  0.001553  +3.9  -4.8  +38.9  -38.9  0.55462
55  1550.0000000000000  0.00134  +4.0  -4.9  +41.2  -41.2  0.5512
56  1575.0000000000000  0.001145  +4.0  -4.9  +45.6  -45.6  0.55396
57  1600.0000000000000  0.0009814  +4.1  -5.0  +47.1  -47.1  0.5517
58  1625.0000000000000  0.0008508  +4.1  -5.0  +50.2  -50.2  0.5532
59  1650.0000000000000  0.0007221  +4.1  -5.1  +55.2  -55.2  0.55306
60  1675.0000000000000  0.00062  +4.3  -5.2  +58.0  -58.0  0.55132
61  1700.0000000000000  0.0005318  +4.3  -5.3  +66.9  -66.9  0.55442
62  1725.0000000000000  0.0004523  +4.3  -5.3  +71.1  -71.1  0.55692
63  1750.0000000000000  0.0003879  +4.4  -5.4  +73.8  -73.8  0.55278
64  1775.0000000000000  0.0003334  +4.6  -5.6  +81.5  -81.5  0.55774
65  1800.0000000000000  0.0002846  +4.8  -5.7  +88.2  -88.2  0.55278
66  1825.0000000000000  0.0002428  +4.6  -5.6  +96.0  -96.0  0.55446
67  1850.0000000000000  0.0002071  +4.6  -5.7  +101.6  -101.6  0.55298
68  1875.0000000000000  0.0001773  +4.9  -5.9  +111.9  -111.9  0.55416
69  1900.0000000000000  0.0001491  +5.0  -6.0  +122.4  -122.4  0.5591
70  1925.0000000000000  0.0001286  +4.9  -5.9  +127.9  -127.9  0.55792
71  1950.0000000000000  0.0001089  +5.0  -6.0  +139.9  -139.9  0.558
72  1975.0000000000000  9.264e-05  +5.1  -6.1  +158.3  -158.3  0.55892
73  2000.0000000000000  7.868e-05  +5.1  -6.2  +165.3  -165.3  0.55582
74  2025.0000000000000  6.496e-05  +5.2  -6.3  +193.2  -193.2  0.55622
75  2050.0000000000000  5.541e-05  +5.4  -6.4  +200.2  -200.2  0.55736
76  2075.0000000000000  4.635e-05  +5.5  -6.6  +224.0  -224.0  0.56028
77  2100.0000000000000  3.947e-05  +5.4  -6.5  +242.0  -242.0  0.56
78  2125.0000000000000  3.332e-05  +5.8  -6.8  +256.8  -256.8  0.55792
79  2150.0000000000000  2.719e-05  +6.1  -7.0  +298.7  -298.7  0.56322
80  2175.0000000000000  2.285e-05  +6.1  -7.1  +328.8  -328.8  0.55612
81  2200.0000000000000  1.867e-05  +6.2  -7.2  +359.2  -359.2  0.55612
82  2225.0000000000000  1.569e-05  +6.2  -7.3  +434.4  -434.4  0.56146
83  2250.0000000000000  1.31e-05  +6.5  -7.5  +432.3  -432.3  0.56088
84  2275.0000000000000  1.058e-05  +6.8  -7.7  +496.9  -496.9  0.5596
85  2300.0000000000000  8.684e-06  +6.9  -7.9  +559.8  -559.8  0.56172
86  2325.0000000000000  6.853e-06  +6.9  -8.0  +656.4  -656.4  0.563
87  2350.0000000000000  5.651e-06  +7.5  -8.4  +734.6  -734.6  0.56102
88  2375.0000000000000  4.445e-06  +7.5  -8.6  +853.2  -853.2  0.56376
89  2400.0000000000000  3.473e-06  +8.4  -9.3  +1003.0  -1003.0  0.56018
90  2425.0000000000000  2.665e-06  +8.8  -9.7  +1202.0  -1202.0  0.56552
91  2450.0000000000000  1.994e-06  +9.0  -10.0  +1446.7  -1446.7  0.56438
92  2475.0000000000000  1.41e-06  +10.2  -11.2  +1947.9  -1947.9  0.56254
93  2500.0000000000000  1.025e-06  +11.3  -12.1  +2384.7  -2384.7  0.56128
