# The Cross section for Drell Yan production of H50 with another scalar(H5p) at 8TeV and corresponding fiducial efficiency (applying the same cuts described in 1407.6583), calculated by MG2.6.3.2 @NLO
# id m5[GeV] CS[fb] ErrorUp(%) ErrorDown(%) Eff

1  65.000000000000000  2482  +2.2  -2.5  0.4003
2  70.000000000000000  1835  +2.2  -2.3  0.43786
3  75.000000000000000  1401  +2.1  -2.1  0.48328
4  80.000000000000000  1091  +1.8  -1.7  0.52186
5  85.000000000000000  869.9  +1.8  -1.5  0.5526
6  90.000000000000000  697.7  +1.9  -1.5  0.5794
7  95.000000000000000  566.4  +1.9  -1.4  0.60584
8  100.00000000000000  467.1  +1.7  -1.2  0.6332
9  105.00000000000000  388.1  +1.7  -1.1  0.65018
10  110.00000000000000  326.2  +1.7  -1.2  0.65746
11  115.00000000000000  276.7  +1.6  -1.1  0.52436
12  120.00000000000000  235.8  +1.7  -1.2  0.52116
13  125.00000000000000  201.7  +1.7  -1.3  0.52782
14  130.00000000000000  173.4  +1.8  -1.4  0.52978
15  135.00000000000000  150.5  +1.7  -1.3  0.53312
16  140.00000000000000  130.4  +1.9  -1.5  0.5397
17  145.00000000000000  114.6  +1.8  -1.4  0.53966
18  150.00000000000000  100.3  +1.8  -1.5  0.54128
19  155.00000000000000  88.24  +1.9  -1.6  0.54664
20  160.00000000000000  78.56  +1.9  -1.6  0.55144
21  165.00000000000000  69.63  +2.0  -1.7  0.54574
22  170.00000000000000  61.22  +2.0  -1.7  0.55286
23  175.00000000000000  55.09  +2.0  -1.8  0.5501
24  180.00000000000000  49.31  +2.0  -1.8  0.55382
25  185.00000000000000  43.96  +2.0  -1.8  0.55538
26  190.00000000000000  39.46  +2.0  -1.9  0.55764
27  195.00000000000000  35.64  +2.1  -1.9  0.55992
28  200.00000000000000  32.18  +2.0  -1.9  0.55946
29  205.00000000000000  29.18  +2.1  -2.0  0.56714
30  210.00000000000000  26.51  +2.1  -2.0  0.55988
31  215.00000000000000  23.96  +2.1  -2.0  0.56176
32  220.00000000000000  21.84  +2.1  -2.0  0.56206
33  225.00000000000000  19.8  +2.2  -2.1  0.5675
34  230.00000000000000  18.15  +2.2  -2.1  0.565
35  235.00000000000000  16.54  +2.2  -2.2  0.56434
36  240.00000000000000  15.1  +2.2  -2.2  0.57034
37  245.00000000000000  13.92  +2.3  -2.3  0.56648
38  250.00000000000000  12.69  +2.4  -2.3  0.56578
39  255.00000000000000  11.69  +2.3  -2.3  0.56772
40  260.00000000000000  10.67  +2.3  -2.3  0.56862
41  265.00000000000000  9.894  +2.3  -2.4  0.56558
42  270.00000000000000  9.137  +2.3  -2.4  0.56956
43  275.00000000000000  8.383  +2.3  -2.4  0.57094
44  280.00000000000000  7.778  +2.4  -2.5  0.56804
45  285.00000000000000  7.144  +2.4  -2.5  0.56902
46  290.00000000000000  6.623  +2.5  -2.6  0.57102
47  295.00000000000000  6.141  +2.4  -2.5  0.57136
48  300.00000000000000  5.653  +2.4  -2.6  0.5647
49  305.00000000000000  5.26  +2.4  -2.6  0.57132
50  310.00000000000000  4.885  +2.4  -2.6  0.56684
51  315.00000000000000  4.532  +2.5  -2.7  0.57024
52  320.00000000000000  4.221  +2.5  -2.7  0.57282
53  325.00000000000000  3.915  +2.5  -2.7  0.56452
54  330.00000000000000  3.662  +2.4  -2.7  0.57424
55  335.00000000000000  3.405  +2.5  -2.7  0.57404
56  340.00000000000000  3.182  +2.5  -2.8  0.5721
57  345.00000000000000  2.957  +2.5  -2.8  0.573
58  350.00000000000000  2.763  +2.5  -2.8  0.57248
59  355.00000000000000  2.595  +2.6  -2.9  0.56994
60  360.00000000000000  2.415  +2.5  -2.9  0.57376
61  365.00000000000000  2.241  +2.6  -2.9  0.56836
62  370.00000000000000  2.112  +2.7  -3.0  0.56874
63  375.00000000000000  1.975  +2.7  -3.0  0.569
64  380.00000000000000  1.833  +2.6  -2.9  0.57186
65  385.00000000000000  1.731  +2.7  -3.0  0.57018
66  390.00000000000000  1.618  +2.6  -3.0  0.56592
67  395.00000000000000  1.529  +2.8  -3.1  0.56812
68  400.00000000000000  1.429  +2.7  -3.1  0.57144
69  405.00000000000000  1.339  +2.7  -3.1  0.56632
70  410.00000000000000  1.256  +2.8  -3.2  0.56582
71  415.00000000000000  1.179  +2.8  -3.2  0.56436
72  420.00000000000000  1.109  +2.8  -3.2  0.56582
73  425.00000000000000  1.043  +2.8  -3.2  0.56766
74  430.00000000000000  0.9825  +2.9  -3.3  0.5672
75  435.00000000000000  0.9256  +2.9  -3.3  0.56406
76  440.00000000000000  0.8692  +2.8  -3.3  0.56506
77  445.00000000000000  0.8155  +2.8  -3.3  0.5628
78  450.00000000000000  0.7687  +3.0  -3.4  0.56656
79  455.00000000000000  0.7248  +2.9  -3.4  0.5662
80  460.00000000000000  0.6839  +2.9  -3.4  0.56482
81  465.00000000000000  0.6404  +2.9  -3.4  0.56528
82  470.00000000000000  0.6068  +3.0  -3.5  0.56558
83  475.00000000000000  0.5721  +3.0  -3.5  0.56502
84  480.00000000000000  0.5391  +2.9  -3.4  0.56614
85  485.00000000000000  0.5091  +3.0  -3.6  0.56006
86  490.00000000000000  0.4805  +2.9  -3.5  0.5648
87  495.00000000000000  0.4546  +3.0  -3.6  0.56824
88  500.00000000000000  0.429  +2.9  -3.5  0.56846
89  505.00000000000000  0.4046  +3.2  -3.7  0.5633
90  510.00000000000000  0.3835  +3.1  -3.7  0.56308
91  515.00000000000000  0.3617  +3.2  -3.8  0.565
92  520.00000000000000  0.3417  +3.1  -3.7  0.563
93  525.00000000000000  0.3228  +3.1  -3.7  0.5655
94  530.00000000000000  0.3051  +3.2  -3.8  0.56354
95  535.00000000000000  0.2888  +3.1  -3.7  0.56094
96  540.00000000000000  0.276  +3.2  -3.8  0.55786
97  545.00000000000000  0.2597  +3.2  -3.8  0.56356
98  550.00000000000000  0.2444  +3.2  -3.9  0.56152
99  555.00000000000000  0.2336  +3.3  -3.9  0.5615
100  560.00000000000000  0.2203  +3.3  -3.9  0.56036
101  565.00000000000000  0.2088  +3.4  -4.0  0.56186
102  570.00000000000000  0.1983  +3.4  -4.0  0.56176
103  575.00000000000000  0.1875  +3.2  -3.9  0.5605
104  580.00000000000000  0.1783  +3.4  -4.1  0.55988
105  585.00000000000000  0.1686  +3.4  -4.1  0.56174
106  590.00000000000000  0.1601  +3.3  -4.0  0.56014
107  595.00000000000000  0.1509  +3.5  -4.2  0.55732
108  600.00000000000000  0.1437  +3.5  -4.1  0.55622
109  605.00000000000000  0.1357  +3.5  -4.1  0.55886
