# The Cross section for Drell Yan production of H50 with another scalar(H5m) at 13TeV and corresponding fiducial efficiency (applying the same cuts described in 1707.04147), calculated by MG2.6.3.2 @NLO
# id m5[GeV] CS[fb] ScaleUp(%) ScaleDown(%) PDFUp(%) PDFDown(%) Eff

1  200.00000000000000  40  +1.6  -1.2  +2.7  -2.7  0.54532
2  225.00000000000000  24.91  +1.6  -1.3  +2.9  -2.9  0.55246
3  250.00000000000000  16.19  +1.6  -1.4  +3.1  -3.1  0.55394
4  275.00000000000000  10.93  +1.8  -1.6  +3.3  -3.3  0.55942
5  300.00000000000000  7.55  +1.8  -1.7  +3.5  -3.5  0.55948
6  325.00000000000000  5.347  +1.8  -1.7  +3.6  -3.6  0.56318
7  350.00000000000000  3.846  +1.9  -1.8  +3.9  -3.9  0.56238
8  375.00000000000000  2.824  +1.9  -1.9  +4.0  -4.0  0.5647
9  400.00000000000000  2.092  +1.8  -1.9  +4.2  -4.2  0.56998
10  425.00000000000000  1.577  +2.0  -2.1  +4.4  -4.4  0.56766
11  450.00000000000000  1.214  +2.1  -2.2  +4.6  -4.6  0.56582
12  475.00000000000000  0.9331  +2.0  -2.1  +4.8  -4.8  0.56788
13  500.00000000000000  0.7204  +2.1  -2.3  +4.9  -4.9  0.57076
14  525.00000000000000  0.5715  +2.0  -2.3  +5.1  -5.1  0.56552
15  550.00000000000000  0.448  +2.2  -2.4  +5.3  -5.3  0.56744
16  575.00000000000000  0.3559  +2.3  -2.5  +5.4  -5.4  0.56742
17  600.00000000000000  0.2845  +2.2  -2.5  +5.6  -5.6  0.5657
18  625.00000000000000  0.23  +2.3  -2.6  +5.8  -5.8  0.56572
19  650.00000000000000  0.1856  +2.4  -2.7  +6.0  -6.0  0.56882
20  675.00000000000000  0.1498  +2.3  -2.6  +6.2  -6.2  0.56782
21  700.00000000000000  0.1226  +2.4  -2.8  +6.4  -6.4  0.56578
22  725.00000000000000  0.1009  +2.5  -2.8  +6.6  -6.6  0.56526
23  750.00000000000000  0.0827  +2.4  -2.8  +6.8  -6.8  0.55752
24  775.00000000000000  0.06844  +2.5  -3.0  +7.0  -7.0  0.56572
25  800.00000000000000  0.05655  +2.5  -2.9  +7.2  -7.2  0.5619
26  825.00000000000000  0.04707  +2.5  -3.0  +7.5  -7.5  0.56244
27  850.00000000000000  0.03919  +2.5  -3.0  +7.7  -7.7  0.56046
28  875.00000000000000  0.03283  +2.5  -3.1  +7.9  -7.9  0.5601
29  900.00000000000000  0.02764  +2.7  -3.2  +8.1  -8.1  0.56074
30  925.00000000000000  0.02298  +2.6  -3.2  +8.5  -8.5  0.56192
31  950.00000000000000  0.01945  +2.7  -3.3  +8.8  -8.8  0.56386
32  975.00000000000000  0.01646  +2.7  -3.3  +9.1  -9.1  0.55986
33  1000.0000000000000  0.01387  +2.7  -3.3  +9.4  -9.4  0.5577
34  1025.0000000000000  0.01179  +2.8  -3.4  +9.8  -9.8  0.55988
35  1050.0000000000000  0.01003  +2.8  -3.4  +9.9  -9.9  0.55756
36  1075.0000000000000  0.008486  +2.9  -3.5  +10.4  -10.4  0.5615
37  1100.0000000000000  0.007246  +2.9  -3.6  +10.7  -10.7  0.55774
38  1125.0000000000000  0.00618  +3.0  -3.6  +11.2  -11.2  0.56134
39  1150.0000000000000  0.005314  +3.1  -3.7  +11.5  -11.5  0.5584
40  1175.0000000000000  0.004546  +3.2  -3.8  +12.0  -12.0  0.55952
41  1200.0000000000000  0.003883  +2.9  -3.7  +12.5  -12.5  0.55848
42  1225.0000000000000  0.003316  +3.0  -3.8  +12.8  -12.8  0.55626
43  1250.0000000000000  0.002849  +3.1  -3.8  +13.3  -13.3  0.556
44  1275.0000000000000  0.002459  +3.1  -3.8  +13.7  -13.7  0.55528
45  1300.0000000000000  0.002119  +3.2  -3.9  +14.3  -14.3  0.55808
46  1325.0000000000000  0.001824  +3.2  -4.0  +15.0  -15.0  0.5545
47  1350.0000000000000  0.001578  +3.3  -4.0  +15.3  -15.3  0.55334
48  1375.0000000000000  0.001356  +3.2  -4.0  +16.2  -16.2  0.5576
49  1400.0000000000000  0.001179  +3.4  -4.2  +16.7  -16.7  0.55708
50  1425.0000000000000  0.001022  +3.4  -4.2  +17.6  -17.6  0.55116
51  1450.0000000000000  0.0008818  +3.5  -4.2  +18.0  -18.0  0.55326
52  1475.0000000000000  0.0007624  +3.4  -4.2  +18.5  -18.5  0.55614
53  1500.0000000000000  0.0006614  +3.5  -4.3  +19.6  -19.6  0.55652
54  1525.0000000000000  0.0005764  +3.5  -4.3  +20.3  -20.3  0.55698
55  1550.0000000000000  0.0005007  +3.6  -4.4  +21.2  -21.2  0.55198
56  1575.0000000000000  0.0004355  +3.6  -4.5  +22.0  -22.0  0.55522
57  1600.0000000000000  0.000378  +3.8  -4.6  +22.6  -22.6  0.55392
58  1625.0000000000000  0.0003302  +3.7  -4.5  +23.8  -23.8  0.55448
59  1650.0000000000000  0.000287  +3.6  -4.5  +24.9  -24.9  0.55238
60  1675.0000000000000  0.0002502  +3.7  -4.6  +25.5  -25.5  0.55676
61  1700.0000000000000  0.0002198  +3.9  -4.7  +26.8  -26.8  0.54864
62  1725.0000000000000  0.0001916  +3.9  -4.7  +27.7  -27.7  0.55182
63  1750.0000000000000  0.0001672  +3.9  -4.8  +28.6  -28.6  0.55734
64  1775.0000000000000  0.0001456  +3.9  -4.8  +29.6  -29.6  0.55562
65  1800.0000000000000  0.0001271  +4.0  -4.8  +30.6  -30.6  0.5545
66  1825.0000000000000  0.0001115  +4.0  -4.9  +32.0  -32.0  0.55234
67  1850.0000000000000  9.722e-05  +4.0  -4.9  +33.3  -33.3  0.55066
68  1875.0000000000000  8.486e-05  +4.1  -5.0  +34.8  -34.8  0.55414
69  1900.0000000000000  7.447e-05  +4.1  -5.0  +36.1  -36.1  0.55218
70  1925.0000000000000  6.52e-05  +4.2  -5.1  +37.5  -37.5  0.5503
71  1950.0000000000000  5.744e-05  +4.2  -5.1  +38.9  -38.9  0.55416
72  1975.0000000000000  5.002e-05  +4.3  -5.2  +39.9  -39.9  0.5573
73  2000.0000000000000  4.399e-05  +4.3  -5.2  +41.8  -41.8  0.5587
74  2025.0000000000000  3.852e-05  +4.2  -5.2  +43.0  -43.0  0.55362
75  2050.0000000000000  3.377e-05  +4.3  -5.2  +44.9  -44.9  0.55548
76  2075.0000000000000  2.966e-05  +4.3  -5.2  +45.9  -45.9  0.55596
77  2100.0000000000000  2.617e-05  +4.5  -5.4  +48.5  -48.5  0.5552
78  2125.0000000000000  2.29e-05  +4.4  -5.3  +50.3  -50.3  0.55734
79  2150.0000000000000  2.007e-05  +4.5  -5.4  +51.8  -51.8  0.55758
80  2175.0000000000000  1.756e-05  +4.5  -5.4  +53.3  -53.3  0.56238
81  2200.0000000000000  1.605e-5  +4.6  -5.5  +55.3  -55.3  0.55844
82  2225.0000000000000  1.37e-05  +4.7  -5.6  +57.8  -57.8  0.55588
83  2250.0000000000000  1.204e-05  +4.5  -5.5  +59.9  -59.9  0.55392
84  2275.0000000000000  1.057e-05  +4.7  -5.6  +61.3  -61.3  0.55032
85  2300.0000000000000  9.359e-06  +4.7  -5.7  +63.4  -63.4  0.5584
86  2325.0000000000000  8.243e-06  +4.8  -5.8  +65.9  -65.9  0.55546
87  2350.0000000000000  7.283e-06  +4.9  -5.8  +67.9  -67.9  0.55572
88  2375.0000000000000  6.393e-06  +4.8  -5.8  +70.7  -70.7  0.55686
89  2400.0000000000000  5.631e-06  +4.9  -5.8  +72.2  -72.2  0.55708
90  2425.0000000000000  4.93e-06  +4.8  -5.8  +75.4  -75.4  0.55866
91  2450.0000000000000  4.363e-06  +4.9  -5.9  +77.6  -77.6  0.55806
92  2475.0000000000000  3.875e-06  +5.0  -6.0  +79.9  -79.9  0.5592
93  2500.0000000000000  3.408e-06  +5.0  -6.0  +82.5  -82.5  0.5582
